STORKLIVE1
gen=2026-10-10T17:22Z
days=15
A|Alex10|3179
P|-26|405|52
A|Baunach1|1447
P|-60|376|359
P|-60|376|335
P|-60|376|311
P|-60|376|287
P|-60|376|263
P|-60|376|239
P|-61|372|215
P|-60|371|191
P|-60|371|167
P|-60|371|155
P|-60|371|143
P|-60|371|131
P|-60|371|119
P|-60|371|107
P|-60|371|95
P|-60|371|83
P|-60|371|71
P|-60|371|59
P|-60|371|47
P|-60|371|34
P|-60|371|24
A|Frensdor#1|8782
P|-92|231|359
P|-52|158|243
P|-48|155|146
A|Frensdor#2|1447
P|-59|372|359
P|-60|371|335
P|-60|371|311
P|-60|371|287
P|-60|371|263
P|-60|371|238
P|-61|371|214
P|-60|372|190
P|-60|372|167
P|-60|372|155
P|-61|371|143
P|-61|371|131
P|-61|372|119
P|-61|372|106
P|-61|371|94
P|-61|371|82
P|-60|371|70
P|-60|371|58
P|-61|371|46
P|-61|371|34
P|-62|371|24
A|Frensdor#3|1447
P|-37|389|359
P|-37|389|335
P|-37|389|311
P|-37|389|287
P|-37|389|263
P|-37|389|239
P|-37|389|215
P|-37|389|190
P|-37|389|167
P|-37|389|155
P|-37|389|143
P|-37|389|131
P|-37|391|119
P|-37|391|106
P|-37|391|94
P|-37|391|82
P|-37|391|70
P|-37|391|58
P|-37|391|45
P|-37|391|33
P|-37|389|24
A|Marina|1460
P|-9|416|359
P|-9|416|335
P|-9|416|311
P|-9|416|287
P|-9|416|263
P|-9|416|239
P|-9|416|215
P|-9|416|191
P|-27|410|167
P|-27|410|155
P|-36|403|143
P|-36|403|131
P|-36|403|119
P|-36|403|107
P|-36|403|95
P|-36|403|83
P|-36|403|71
P|-36|403|59
P|-36|403|47
P|-36|403|35
P|-36|403|24
A|Moenchsamb|1447
P|5|417|359
P|6|417|335
P|5|418|311
P|6|417|287
P|6|417|263
P|6|417|239
P|6|417|215
P|5|417|190
P|6|417|167
P|6|417|155
P|5|417|143
P|5|417|131
P|8|418|119
P|8|418|107
P|8|418|95
P|8|418|82
P|8|418|70
P|8|418|58
P|8|418|46
P|8|418|34
P|8|418|24
A|Nina|1446
P|47|437|359
P|47|435|335
P|45|436|311
P|45|437|287
P|45|437|263
P|45|437|239
P|45|437|215
P|45|437|191
P|46|437|167
P|46|437|155
P|46|437|143
P|46|437|131
P|45|437|119
P|45|437|107
P|45|437|95
P|45|437|83
P|46|437|71
P|46|437|58
P|45|437|46
P|45|437|34
P|45|437|24
A|Pettstadt2|1447
P|-48|375|359
P|-48|375|335
P|-48|375|311
P|-48|375|287
P|-48|375|263
P|-48|374|239
P|-48|374|215
P|-48|374|191
P|-48|375|167
P|-48|375|155
P|-48|375|143
P|-48|375|131
P|-48|375|119
P|-48|375|107
P|-48|375|95
P|-48|375|82
P|-48|375|70
P|-48|375|58
P|-48|374|46
P|-48|374|34
P|-48|375|24
A|Walsdorf1-|1447
P|-56|339|359
P|-56|339|335
P|-56|339|311
P|-56|339|287
P|-56|339|263
P|-56|339|239
P|-56|339|214
P|-56|339|190
P|-56|339|167
P|-56|339|155
P|-56|339|143
P|-56|339|131
P|-56|339|119
P|-56|339|107
P|-56|339|95
P|-56|339|83
P|-56|339|71
P|-56|339|59
P|-56|339|46
P|-56|339|34
P|-56|339|24
A|Wingersd#1|1460
P|-47|378|359
P|-47|378|335
P|-47|378|311
P|-47|378|287
P|-47|378|263
P|-47|378|239
P|-47|378|215
P|-47|378|191
P|-47|378|167
P|-47|378|155
P|-47|378|143
P|-47|378|131
P|-47|378|119
P|-47|378|107
P|-47|378|95
P|-47|378|83
P|-47|378|71
P|-47|378|59
P|-47|378|47
P|-47|378|35
P|-47|378|24
A|Wingersd#2|1447
P|193|130|359
P|193|130|335
P|194|129|311
P|195|130|287
P|193|130|263
P|192|130|239
P|191|129|215
P|193|129|191
P|194|126|167
P|194|126|155
P|194|124|143
P|194|124|131
P|197|126|119
P|197|126|107
P|191|130|95
P|190|130|83
P|189|129|71
P|189|129|59
P|193|130|46
P|193|130|34
P|195|132|24
A|Wingersd#3|1447
P|-9|416|359
P|-8|416|335
P|-9|416|311
P|-8|416|287
P|-9|416|263
P|-9|416|239
P|-9|416|215
P|-8|416|190
P|-9|416|167
P|-8|416|155
P|-9|416|143
P|-9|416|131
P|-8|416|119
P|-9|416|107
P|-8|416|95
P|-9|416|83
P|-8|416|70
P|-9|416|58
P|-7|416|46
P|-7|416|34
P|-9|416|24
