STORKLIVE1
gen=2026-10-07T21:30Z
A|DER AT881|1440
P|63|468|780
P|62|465|768
P|60|463|756
P|58|460|744
P|56|458|732
P|54|456|720
P|53|453|708
P|51|450|696
P|48|448|684
P|47|445|672
P|45|442|660
P|43|439|648
P|41|437|636
P|39|435|624
P|37|432|612
P|36|429|600
P|34|427|588
P|32|425|576
P|30|422|564
P|28|419|552
P|27|417|540
P|25|414|528
P|22|411|516
P|21|409|504
P|19|406|492
P|17|404|480
P|16|401|468
P|13|398|456
P|12|395|444
P|10|393|432
P|8|390|420
P|6|389|408
P|4|385|396
P|2|383|384
P|1|380|372
P|-1|378|360
P|-3|375|348
P|-5|372|336
P|-7|370|324
P|-8|367|312
P|-10|365|300
P|-12|362|288
P|-14|360|276
P|-16|357|264
P|-17|354|252
P|-19|352|240
P|-21|349|228
P|-23|347|216
P|-24|344|204
P|-27|342|192
P|-28|339|180
P|-30|336|168
P|-32|333|156
P|-34|331|144
P|-36|328|132
P|-38|326|120
P|-40|323|108
P|-41|320|96
P|-44|319|84
P|-45|316|72
P|-47|313|60
P|-49|310|48
P|-50|308|36
P|-53|305|24
A|Emma|1440
P|98|481|780
P|98|479|768
P|97|476|756
P|96|474|744
P|96|471|732
P|95|469|720
P|95|465|708
P|94|463|696
P|94|461|684
P|93|458|672
P|92|455|660
P|92|453|648
P|91|450|636
P|91|448|624
P|90|445|612
P|90|443|600
P|89|440|588
P|88|438|576
P|88|434|564
P|88|432|552
P|87|430|540
P|87|427|528
P|86|425|516
P|85|422|504
P|85|419|492
P|84|416|480
P|84|414|468
P|83|412|456
P|83|409|444
P|82|406|432
P|81|404|420
P|80|401|408
P|81|398|396
P|80|396|384
P|80|393|372
P|79|391|360
P|78|388|348
P|77|386|336
P|77|383|324
P|77|381|312
P|76|377|300
P|75|375|288
P|75|373|276
P|74|370|264
P|74|368|252
P|73|365|240
P|73|362|228
P|72|360|216
P|71|357|204
P|71|354|192
P|70|352|180
P|70|349|168
P|70|346|156
P|69|344|144
P|68|342|132
P|67|339|120
P|67|336|108
P|67|334|96
P|66|332|84
P|65|328|72
P|65|326|60
P|65|323|48
P|64|320|36
P|63|319|24
A|Fritz|1440
P|81|494|780
P|80|492|768
P|77|489|756
P|76|486|744
P|74|484|732
P|73|481|720
P|70|478|708
P|69|476|696
P|67|473|684
P|65|471|672
P|63|468|660
P|61|466|648
P|59|463|636
P|57|460|624
P|56|458|612
P|54|455|600
P|53|452|588
P|50|450|576
P|48|448|564
P|46|445|552
P|45|443|540
P|43|439|528
P|41|438|516
P|39|434|504
P|37|432|492
P|36|429|480
P|34|427|468
P|32|425|456
P|30|422|444
P|28|419|432
P|27|417|420
P|24|414|408
P|23|411|396
P|21|409|384
P|20|406|372
P|18|403|360
P|16|401|348
P|14|398|336
P|12|396|324
P|10|393|312
P|8|390|300
P|7|388|288
P|5|386|276
P|2|383|264
P|1|381|252
P|-1|377|240
P|-3|375|228
P|-4|372|216
P|-7|370|204
P|-8|367|192
P|-10|365|180
P|-12|362|168
P|-13|359|156
P|-16|357|144
P|-18|355|132
P|-20|351|120
P|-21|349|108
P|-23|346|96
P|-25|344|84
P|-27|342|72
P|-29|339|60
P|-31|336|48
P|-32|333|36
P|-34|331|24
A|Lotte|1440
P|104|507|780
P|103|504|768
P|103|502|756
P|102|500|744
P|102|497|732
P|101|494|720
P|100|492|708
P|100|489|696
P|99|486|684
P|99|484|672
P|98|481|660
P|97|478|648
P|97|476|636
P|96|473|624
P|96|471|612
P|96|469|600
P|95|466|588
P|94|463|576
P|93|461|564
P|93|458|552
P|92|456|540
P|92|452|528
P|92|450|516
P|91|447|504
P|91|445|492
P|90|443|480
P|90|440|468
P|89|437|456
P|88|435|444
P|87|432|432
P|87|430|420
P|86|427|408
P|86|425|396
P|85|422|384
P|85|419|372
P|84|417|360
P|84|414|348
P|83|411|336
P|83|409|324
P|82|407|312
P|82|404|300
P|81|401|288
P|81|398|276
P|80|396|264
P|80|393|252
P|78|390|240
P|78|388|228
P|78|385|216
P|77|382|204
P|77|380|192
P|76|377|180
P|76|375|168
P|75|372|156
P|74|370|144
P|74|367|132
P|74|365|120
P|72|362|108
P|72|360|96
P|72|357|84
P|71|354|72
P|70|352|60
P|70|349|48
P|69|347|36
P|69|344|24
